47,67
31,33
17,13
9,11
19,47
25,8
1,6
4,47
61,60
16,13
39,69
6,23
7,40
62,61
31,55
46,45
19,9
19,1
60,65
7,47
34,63
5,25
28,19
17,41
67,59
27,13
9,30
9,21
62,59
13,37
68,57
9,9
17,36
23,29
39,55
14,7
7,22
64,59
5,30
8,21
56,67
67,48
35,65
15,52
13,48
24,17
43,55
34,59
34,51
50,65
17,44
29,28
19,42
3,44
29,61
5,37
21,38
37,53
11,8
16,35
11,7
26,23
7,29
5,35
29,18
5,18
60,45
59,52
44,53
16,45
45,60
69,64
14,37
24,67
3,39
51,53
9,49
23,0
59,57
9,8
19,23
4,31
7,37
1,43
20,9
22,23
40,53
22,41
37,70
27,59
47,62
61,42
12,5
61,53
1,34
33,64
9,3
21,23
45,54
5,41
20,3
11,14
37,51
13,49
19,22
54,69
65,63
4,39
41,51
63,44
12,9
13,13
11,19
27,9
45,59
21,18
13,3
57,65
11,43
33,20
11,16
11,20
41,55
53,61
23,43
12,25
21,13
21,17
15,9
34,55
30,9
56,49
13,24
16,51
4,17
19,19
63,62
1,17
18,9
47,49
17,25
21,7
17,8
7,16
4,7
5,19
45,50
62,57
43,54
5,31
9,39
11,15
0,11
65,51
13,50
21,21
8,9
40,65
5,47
59,49
41,52
38,55
15,51
11,1
67,68
15,39
15,38
33,61
17,17
13,1
1,21
17,5
8,11
7,15
35,63
27,7
14,15
37,56
1,2
61,45
25,1
9,23
10,49
25,29
68,69
63,49
16,23
1,31
33,59
5,38
1,35
33,68
25,2
5,20
1,33
19,37
42,63
15,5
1,28
60,59
65,61
45,61
55,69
51,69
49,65
0,9
59,59
23,21
61,52
55,49
9,47
37,58
11,47
60,57
28,3
21,43
35,61
3,4
65,67
13,18
47,66
4,5
69,69
23,19
21,20
45,56
29,6
33,57
9,19
9,42
13,52
48,51
1,38
60,39
13,34
11,39
12,19
48,67
65,66
3,17
7,11
16,3
17,31
61,55
33,62
45,55
39,5
58,49
32,69
33,69
3,15
3,9
43,61
9,15
37,63
5,43
34,67
61,43
49,68
14,39
37,64
59,53
57,58
4,9
13,12
21,11
61,65
49,64
19,25
14,3
32,53
65,58
19,17
35,51
7,4
21,4
50,63
51,54
66,43
23,1
55,53
39,64
22,13
47,61
5,9
11,35
67,52
10,25
33,65
17,15
39,9
9,24
21,37
10,37
17,20
61,51
13,21
67,63
13,2
1,3
20,31
37,60
13,15
23,42
11,52
13,33
10,13
57,59
29,67
6,45
41,4
3,3
8,33
14,19
26,41
49,45
13,29
23,2
47,45
19,11
33,23
18,7
4,11
21,1
11,6
17,3
15,27
59,69
53,59
31,63
1,40
52,61
17,32
27,22
17,40
31,17
9,6
39,53
55,56
3,33
51,59
65,41
41,58
65,47
24,51
2,29
24,7
27,25
66,63
53,63
5,49
7,41
6,27
11,22
51,58
67,60
67,57
63,47
63,64
7,19
11,36
36,61
11,33
7,6
2,7
63,56
1,11
13,35
67,69
0,23
51,57
45,49
21,3
55,44
52,55
47,63
3,24
33,49
60,51
19,39
17,24
19,3
2,47
39,68
66,51
7,36
49,53
62,65
1,14
16,17
23,10
2,19
23,12
17,2
48,55
10,31
1,44
14,35
45,51
37,13
43,67
67,67
69,65
11,13
7,9
67,47
63,59
53,64
45,68
49,60
29,63
17,7
45,65
29,53
23,6
47,55
11,37
54,63
29,10
1,46
46,69
9,40
60,67
43,57
41,67
17,19
10,33
3,47
68,67
14,9
38,59
57,61
31,3
63,41
4,25
47,65
64,65
3,31
15,49
56,63
30,61
1,1
1,9
15,29
7,55
31,65
5,7
9,52
5,29
25,3
44,47
12,15
44,63
11,48
41,53
31,56
47,69
63,55
7,33
12,41
8,37
59,55
13,5
25,5
39,63
3,23
61,67
24,39
10,11
14,17
39,61
20,1
3,8
11,3
9,37
11,44
17,43
51,51
67,55
29,5
1,23
3,11
13,31
31,58
3,21
16,5
19,21
65,53
9,41
31,18
3,32
53,69
43,63
5,3
63,54
52,67
2,41
35,19
21,41
1,26
15,7
1,15
50,69
57,63
41,56
32,61
23,4
6,49
18,51
70,47
53,49
9,51
7,5
34,53
59,61
2,13
15,41
61,41
21,19
35,53
37,67
13,47
36,53
29,11
19,41
54,51
65,54
59,62
57,69
38,53
63,34
51,63
46,63
1,25
5,23
9,16
69,53
35,59
59,63
3,41
18,37
15,0
23,67
27,17
33,66
51,55
68,63
52,53
45,66
49,55
40,57
9,45
57,53
39,65
27,19
13,51
69,63
19,7
35,69
49,56
25,27
22,25
17,1
40,61
52,57
11,28
56,53
9,17
9,46
5,44
14,49
7,35
49,43
15,1
35,68
69,66
35,58
42,61
17,23
58,65
3,19
53,67
41,65
13,45
39,60
31,54
19,15
53,65
47,50
45,47
25,11
65,65
23,39
29,59
5,21
45,69
10,1
29,42
19,6
69,50
37,69
62,51
31,67
66,37
12,11
16,39
55,52
5,0
6,17
55,62
51,66
7,38
41,61
5,13
43,60
66,65
1,30
52,69
33,55
4,51
51,67
66,55
43,64
55,67
47,60
7,13
13,11
13,41
1,45
69,57
21,40
7,17
69,59
25,13
41,63
61,68
21,25
3,1
7,52
47,11
66,69
13,19
17,4
22,29
25,14
13,43
1,19
6,9
41,59
31,70
55,63
33,53
21,15
66,47
59,51
3,37
57,51
25,12
12,1
28,11
63,63
63,70
67,53
3,29
22,9
60,55
37,57
19,18
45,62
17,39
1,13
5,17
29,9
29,13
15,10
0,47
4,41
68,39
39,59
11,45
6,43
31,57
27,15
69,52
17,42
6,41
51,61
58,57
3,13
38,67
31,29
37,62
18,21
9,7
5,39
5,33
44,67
5,12
19,16
25,10
9,35
14,43
1,27
18,27
20,41
45,63
23,25
28,5
23,7
11,21
33,51
8,29
43,56
11,31
3,38
1,7
66,59
63,50
9,43
9,50
15,11
15,3
55,57
63,69
29,60
1,4
32,5
23,5
23,41
33,56
7,51
37,49
11,40
63,57
69,47
37,59
1,37
15,20
23,3
8,25
15,15
65,62
16,41
53,47
19,43
25,4
54,67
57,67
23,13
35,12
45,67
14,5
6,33
1,41
61,59
58,67
45,57
11,49
8,45
36,55
61,57
49,59
70,57
3,36
59,65
42,67
54,65
9,1
47,58
29,19
55,61
5,48
1,16
65,49
43,59
35,55
1,18
65,56
68,53
3,22
17,21
25,15
26,17
58,53
41,66
25,7
26,9
2,35
49,67
49,70
6,7
38,65
59,67
33,14
57,55
67,65
12,43
5,15
55,51
21,9
69,58
13,46
41,69
17,33
53,52
29,3
7,31
14,25
21,16
3,45
10,3
33,13
16,11
47,59
68,55
39,57
32,59
17,9
5,45
57,50
67,45
63,66
13,7
31,4
47,57
7,1
55,65
53,51
49,49
11,46
3,43
15,13
15,17
5,28
5,2
69,61
62,47
1,32
65,36
28,15
16,7
11,11
7,39
31,66
15,14
6,47
17,12
69,51
5,4
55,58
14,23
13,17
53,50
24,19
29,12
15,21
21,6
25,23
19,4
28,55
11,23
13,39
7,43
7,20
37,55
39,67
11,17
8,43
30,59
1,22
5,1
8,13
5,34
18,1
10,39
20,13
57,57
15,19
23,14
31,61
41,54
45,53
15,43
58,61
9,13
54,59
10,21
15,45
23,9
1,5
7,2
15,37
63,51
51,50
47,52
26,19
41,57
6,11
56,59
57,56
7,25
50,53
27,14
49,69
53,53
48,63
63,48
13,42
47,42
47,53
8,49
35,67
39,50
18,15
60,63
11,5
7,26
18,11
17,37
37,61
47,54
62,37
69,62
7,3
63,53
43,58
64,51
9,27
23,11
24,21
65,57
31,1
67,61
33,21
5,5
11,41
12,37
53,60
21,5
21,22
19,5
13,32
64,45
3,16
7,45
46,57
4,35
23,15
27,31
20,23
61,69
25,16
54,55
68,47
49,57
7,49
2,53
21,39
29,65
69,60
8,19
3,42
43,70
5,14
13,22
19,13
8,1
53,55
11,26
19,14
56,65
4,15
61,61
43,69
16,27
13,9
69,42
29,57
15,23
20,11
25,42
3,27
23,17
22,17
14,45
3,2
61,63
41,49
64,47
11,4
1,39
5,27
65,69
2,25
45,52
3,5
9,34
9,18
63,67
17,16
35,57
36,67
61,54
5,24
11,27
58,69
69,55
7,14
51,62
18,39
69,67
55,59
11,34
63,68
56,69
57,60
41,68
16,21
69,49
2,11
43,65
50,51
36,65
3,20
37,7
50,39
43,53
45,25
30,3
61,9
61,4
61,17
27,62
61,11
36,31
49,7
51,7
63,32
22,69
50,35
54,47
55,1
63,31
51,3
62,43
15,63
57,21
13,53
61,35
27,41
38,51
56,3
17,29
43,13
3,60
35,39
23,38
51,21
21,46
49,10
68,17
51,28
9,55
35,33
65,31
33,15
69,45
67,41
53,21
56,17
69,13
11,57
35,2
47,38
17,26
44,17
31,15
33,17
57,11
2,57
31,11
57,26
62,27
41,37
35,23
6,61
15,53
31,69
3,69
67,20
64,19
3,58
21,53
1,47
70,7
53,39
23,31
13,30
31,26
53,19
29,15
21,55
63,17
65,59
50,31
41,33
59,8
51,9
43,40
21,31
7,63
41,19
40,21
68,23
64,25
59,33
35,13
61,19
53,48
23,57
61,25
29,16
41,11
70,19
29,43
51,31
25,39
27,52
39,2
6,51
47,19
24,25
25,28
43,10
21,35
17,51
38,19
39,21
21,33
54,39
37,18
47,37
49,13
49,61
36,51
41,10
47,16
45,45
17,47
67,32
38,39
3,67
51,35
55,27
17,59
53,25
65,27
19,33
27,27
67,33
59,1
61,26
29,45
12,31
33,1
63,21
64,31
67,21
27,44
47,23
51,16
59,25
47,24
51,2
39,1
39,30
11,54
45,35
37,39
27,54
16,49
57,46
45,20
55,14
27,51
69,41
15,67
57,19
52,13
55,38
67,15
55,16
37,17
46,9
67,31
13,62
39,47
38,49
14,55
23,49
15,68
59,35
41,5
30,7
45,11
45,23
6,31
37,36
57,29
27,6
65,34
15,33
51,22
41,13
22,49
45,5
39,46
69,16
39,15
41,24
51,39
9,29
17,53
48,45
61,47
52,11
33,41
35,41
31,37
31,38
33,47
26,29
67,1
36,15
53,46
15,65
23,55
43,46
38,47
66,45
55,30
36,27
8,65
66,15
23,45
66,5
35,31
46,19
27,47
43,42
59,19
51,25
32,35
59,36
43,3
30,1
22,65
43,33
33,5
49,23
67,3
57,47
31,45
55,5
19,63
27,43
36,11
21,29
48,25
45,17
63,36
36,29
65,25
65,39
53,43
41,9
69,21
33,9
35,22
28,59
5,69
55,43
28,43
43,21
11,65
31,64
13,66
27,45
41,38
49,5
29,39
49,63
46,7
53,9
9,33
59,48
61,49
43,43
1,53
57,42
53,18
52,27
33,27
33,19
40,25
63,39
11,62
31,47
69,1
19,45
54,35
17,61
54,7
1,65
57,33
54,43
27,33
53,11
63,22
13,67
45,38
60,35
35,1
33,10
23,53
28,47
25,25
7,59
23,33
1,51
3,25
54,1
23,63
9,57
1,29
32,43
51,26
47,17
43,49
39,6
29,17
19,31
52,25
23,56
43,7
23,44
43,1
19,56
55,22
6,63
15,31
25,44
31,31
38,29
59,17
13,25
51,18
49,21
37,6
37,33
49,58
31,19
33,46
42,39
63,20
61,21
5,55
11,60
12,57
43,9
19,61
24,35
19,67
17,63
65,26
7,58
19,57
28,1
17,67
44,13
64,5
32,13
51,37
1,57
39,19
17,65
21,47
7,27
49,1
13,28
27,39
44,31
37,65
55,13
23,61
50,1
11,64
15,28
41,46
11,66
68,29
61,39
65,50
59,3
47,10
45,29
65,17
28,27
42,27
57,35
42,31
31,5
5,53
48,39
19,55
66,23
67,37
53,20
9,60
47,5
55,20
49,51
62,23
3,7
25,9
67,17
69,39
53,7
8,55
63,19
46,15
54,11
70,31
41,17
34,19
66,39
1,67
59,31
55,39
51,23
33,11
44,39
59,2
27,69
55,23
59,10
57,45
47,1
18,33
23,37
24,31
27,63
21,58
4,61
67,11
31,8
25,57
5,63
25,61
66,17
21,63
8,63
29,48
69,33
35,8
47,15
65,21
53,0
59,34
29,29
39,51
18,59
16,61
31,21
29,50
15,56
66,11
56,5
55,55
35,9
38,41
63,3
31,43
69,30
36,37
39,44
2,49
5,65
47,31
35,24
61,46
15,47
40,7
59,7
28,45
13,27
26,35
11,68
27,2
62,21
31,35
63,6
55,7
68,21
7,53
41,1
65,23
32,47
22,53
38,27
37,38
47,3
52,37
48,27
36,5
52,9
21,69
31,53
39,7
51,45
47,40
13,54
38,3
28,33
41,32
43,47
47,51
63,15
47,25
41,39
41,45
41,22
3,66
4,57
41,47
65,2
59,6
21,32
61,8
30,47
44,23
26,5
44,49
25,69
27,29
43,15
26,57
25,49
47,35
59,5
35,7
59,44
25,43
9,58
13,65
25,31
45,27
11,53
46,47
63,28
19,27
19,48
48,47
51,17
67,43
63,37
43,20
21,26
67,2
32,37
21,34
53,4
35,44
53,17
67,19
45,24
41,21
43,19
40,13
41,43
23,65
66,29
19,69
49,29
40,3
29,66
15,69
35,5
67,29
57,43
57,9
64,17
33,48
17,55
51,15
44,1
7,21
25,59
52,7
57,2
59,32
58,41
59,16
25,32
39,45
42,21
25,26
25,41
11,55
35,25
13,57
45,43
55,24
5,67
3,63
0,59
61,29
60,31
25,46
47,43
51,6
45,10
35,40
33,16
9,70
57,39
59,47
43,44
38,13
47,39
35,49
65,45
62,7
55,11
9,28
39,13
44,5
60,5
11,25
4,67
18,29
2,63
63,13
36,45
51,19
39,32
39,17
11,61
34,7
59,45
61,27
45,1
63,5
39,0
22,51
63,38
31,30
54,19
23,59
9,63
45,39
63,61
52,3
39,11
39,29
69,11
21,57
55,3
21,59
58,29
8,61
57,7
61,10
37,35
46,3
49,17
59,41
43,36
53,45
31,20
49,16
63,40
48,3
35,29
46,1
29,40
50,29
61,7
34,11
46,33
51,32
65,35
31,41
61,1
19,68
11,63
36,47
55,37
33,34
52,41
57,48
31,27
9,65
63,23
69,31
37,29
43,25
35,43
32,41
59,39
3,65
56,39
33,30
27,23
65,1
18,53
16,47
7,7
56,31
65,13
32,51
1,59
37,41
16,53
65,30
51,1
20,45
44,27
41,3
9,69
23,64
32,23
69,37
31,50
25,33
53,16
45,44
53,27
30,23
51,29
63,9
17,62
29,41
58,13
6,59
51,5
29,33
69,8
69,9
17,49
47,29
58,3
29,55
63,4
67,49
26,63
39,23
65,42
4,27
51,34
33,32
5,11
9,68
59,20
45,7
46,29
37,11
63,45
13,59
32,11
39,41
50,11
21,27
59,29
61,24
63,43
42,5
29,37
47,47
18,63
58,37
45,41
69,17
42,25
19,59
55,47
55,35
49,9
42,49
1,63
63,1
48,33
59,28
31,39
13,61
19,50
57,25
41,20
20,53
49,11
59,43
35,3
65,33
16,31
27,67
50,41
40,17
63,14
17,56
21,60
9,53
38,23
7,69
45,37
51,11
37,10
29,51
30,35
29,30
0,55
57,18
41,35
24,57
61,18
28,57
0,61
27,35
47,30
5,66
45,14
19,65
57,44
45,9
20,35
39,16
67,9
53,1
28,25
31,16
25,68
22,47
3,61
39,31
67,51
65,0
65,3
53,23
68,13
9,25
70,43
49,15
50,25
11,51
60,15
47,41
17,27
23,54
50,9
68,25
36,19
2,69
41,36
35,14
37,20
3,55
27,66
22,63
41,18
37,23
27,1
53,14
63,35
26,65
2,51
51,49
37,22
69,4
60,13
23,30
29,52
53,31
66,9
45,13
54,3
61,33
42,11
55,36
35,45
20,61
25,51
5,52
33,7
30,51
29,24
52,43
26,31
47,9
48,17
16,33
51,65
12,69
45,22
53,35
41,29
69,35
34,23
45,4
15,30
63,29
24,23
47,21
42,13
27,49
30,13
27,50
39,43
41,41
29,1
26,37
11,67
68,11
43,39
70,37
23,68
68,33
63,27
69,7
54,41
39,39
65,28
65,14
1,49
68,9
29,32
30,67
40,9
3,57
66,7
69,29
67,13
33,8
11,9
37,45
9,61
27,65
6,55
56,41
39,12
34,3
21,45
65,24
47,32
37,9
37,16
37,31
23,36
59,9
31,23
55,31
19,24
23,23
25,65
45,21
25,58
57,31
59,37
9,31
49,30
33,67
11,59
31,7
37,47
25,37
5,61
65,7
3,51
39,8
60,49
19,30
57,15
40,39
39,42
23,20
15,55
33,43
27,53
20,55
19,49
41,48
8,67
50,19
24,53
59,22
56,35
41,25
69,5
59,26
49,33
17,69
40,27
5,54
36,1
66,3
21,36
59,0
57,28
49,35
33,24
55,26
65,19
35,36
37,27
65,40
3,70
35,27
27,55
28,69
61,31
43,27
29,68
25,50
16,59
3,49
35,21
47,33
53,36
48,7
50,23
47,13
43,5
15,58
49,37
37,21
1,64
55,41
34,37
29,25
27,61
18,47
32,17
63,25
29,64
23,47
46,41
37,25
17,57
67,39
61,5
61,15
3,53
44,35
35,34
55,25
32,1
57,41
42,3
18,69
26,25
49,36
53,29
41,15
29,7
49,48
68,1
40,41
19,51
13,55
53,3
67,25
19,29
56,21
65,29
3,54
56,7
26,69
59,38
23,35
53,33
57,17
50,59
61,2
66,33
31,32
55,21
42,51
48,21
49,41
37,1
62,17
35,32
32,29
53,22
39,49
37,4
35,47
29,23
5,57
61,37
29,35
61,30
24,65
25,53
63,33
17,68
37,24
1,68
31,22
69,15
60,19
57,34
20,67
27,37
55,17
47,2
7,56
61,3
15,59
59,11
49,44
41,34
69,3
65,43
21,61
69,27
36,49
34,17
5,59
59,21
57,23
57,13
10,57
57,1
33,31
59,13
13,63
43,35
4,63
25,21
49,31
45,15
69,36
69,23
33,63
9,59
47,12
58,19
42,43
55,33
1,69
47,28
33,29
49,25
25,35
35,42
9,67
53,15
3,35
65,5
67,7
45,3
30,45
6,65
47,48
51,20
25,19
61,40
33,3
69,43
68,35
25,40
69,18
49,8
38,31
23,28
51,13
34,27
27,21
15,35
55,29
21,66
51,44
9,5
40,45
31,59
35,35
47,7
25,45
57,10
23,27
49,39
57,27
59,15
30,27
33,45
23,48
35,11
37,43
22,59
46,35
65,9
15,61
67,23
63,12
49,4
17,54
12,55
15,70
41,23
65,55
21,67
44,7
67,44
68,45
41,27
7,65
33,25
67,38
34,43
29,27
49,47
15,64
65,37
41,7
67,6
27,3
13,64
51,41
3,59
21,49
11,29
2,61
48,19
27,38
30,55
51,43
25,67
51,33
56,45
57,12
67,35
43,23
7,57
45,19
34,1
59,27
47,27
53,37
31,25
15,57
25,17
49,19
55,32
48,35
29,31
10,65
27,11
43,16
55,8
39,36
53,57
46,37
7,67
29,47
13,23
37,19
24,61
31,49
39,14
10,55
49,42
37,3
61,23
65,22
57,49
22,33
5,68
7,61
19,53
50,5
59,23
39,37
5,51
55,12
45,26
46,27
39,27
25,47
15,25
23,51
18,65
62,29
33,39
68,41
34,39
43,11
28,35
57,5
55,9
21,51
49,27
21,62
67,26
31,51
37,5
13,69
70,25
53,30
1,61
60,41
67,5
33,33
38,9
25,48
69,25
62,33
58,31
20,37
17,35
45,31
35,15
41,31
41,0
41,28
65,15
57,37
31,13
48,13
47,22
58,5
67,27
6,69
53,5
21,44
45,33
35,26
39,3
28,37
43,51
45,12
57,3
29,69
27,5
51,46
17,66
55,19
61,13
43,29
68,27
28,39
44,33
30,37
45,18
37,44
55,28
33,40
35,17
33,6
1,55
63,2
53,24
56,11
53,34
47,6
8,31
55,15
14,61
39,33
3,56
15,66
42,15
28,31
43,41
57,24
63,8
16,63
51,48
66,19
69,19
39,35
31,9
17,45
25,63
26,55
19,58
68,5
28,21
65,10
51,27
33,37
33,28
43,8
53,41
39,25
63,7
51,47
20,27
51,38
39,34
58,15
43,31
43,37
49,3
59,24
27,57
19,35
29,21
61,12
65,11
21,56
43,45
63,11
41,30
35,37
69,14
23,69
27,12
55,45
21,65
64,11
18,45
17,11
25,60
11,69
26,47
12,59
14,59
43,17
29,49
53,32
61,14
20,51
31,44
1,50
58,7
43,30
25,55
37,37
53,13
34,47
50,13
33,35
63,65
28,63
64,15
25,62
37,15
25,34
37,34
2,65
7,23
56,1
18,57
32,46
60,33
50,48
40,63
57,8
63,26
26,33
45,42
9,4
16,28
60,3
1,8
20,32
60,37
59,56
68,14
6,16
17,28
46,39
69,24
20,24
52,70
38,4
12,35
8,46
40,5
49,24
2,32
56,26
60,1
70,38
32,49
19,52
46,40
23,32
36,3
32,31
48,36
70,46
62,44
18,25
10,27
44,48
44,32
20,57
30,10
5,26
60,18
24,4
50,60
0,2
58,50
54,56
29,20
62,15
56,36
61,38
6,25
31,2
64,23
28,10
56,29
54,23
28,41
52,42
57,64
24,42
54,4
32,34
68,22
18,38
27,36
34,10
23,18
23,58
44,4
68,6
14,30
31,10
58,54
54,22
0,1
59,12
60,29
70,0
52,46
10,2
50,34
14,26
9,48
38,14
2,58
68,20
51,36
70,20
59,42
49,40
3,28
7,64
56,38
48,53
44,36
50,37
10,9
32,32
52,23
34,4
38,50
1,10
56,13
52,20
20,48
14,10
26,15
61,22
32,12
16,32
64,14
66,2
41,44
30,11
58,4
70,52
15,36
0,44
49,2
70,4
4,1
40,30
30,44
49,14
46,12
24,32
0,45
52,19
49,0
57,14
52,50
34,40
18,16
65,32
47,26
25,30
65,16
17,58
20,16
70,14
44,43
34,20
48,46
35,46
52,30
0,7
32,25
28,6
38,62
47,14
14,12
19,40
46,11
38,22
35,28
7,8
58,24
20,58
30,5
64,10
42,7
64,43
36,50
52,6
26,39
7,28
26,4
0,4
68,43
53,28
47,46
22,64
46,28
5,32
12,32
34,5
24,20
50,17
56,30
44,16
64,6
54,54
27,68
26,30
4,33
48,61
17,34
49,50
20,29
4,34
64,12
32,28
20,49
38,8
12,20
28,17
30,46
28,29
20,20
40,28
19,26
54,21
0,53
38,33
40,18
6,35
38,35
46,21
4,66
61,6
48,52
10,10
27,42
44,21
31,60
14,46
0,22
9,32
70,9
70,22
40,22
5,46
37,32
29,4
27,16
56,54
15,48
34,21
20,65
28,32
26,21
67,24
50,44
25,20
25,0
31,42
47,34
5,64
8,12
22,38
8,22
18,56
1,60
49,62
52,22
26,66
24,22
59,30
34,45
34,50
43,62
40,0
68,10
54,45
34,9
18,55
50,16
41,42
56,23
39,10
41,26
60,52
60,7
10,64
48,2
13,26
64,9
62,14
27,26
28,46
24,13
32,27
36,35
35,70
46,26
30,16
18,40
19,20
46,36
31,28
9,20
40,15
70,45
28,38
20,8
24,6
0,3
67,36
40,29
27,30
33,22
40,19
2,31
38,2
51,0
48,18
18,67
34,25
13,20
50,49
13,38
51,40
62,6
34,6
70,39
22,22
14,27
25,18
28,22
37,30
64,49
56,9
66,4
57,0
7,46
66,8
56,2
26,18
65,18
62,30
32,6
7,32
44,28
60,56
57,20
50,43
46,0
28,0
30,43
58,39
22,34
32,21
28,24
52,28
28,26
38,36
46,52
23,16
64,37
32,36
60,53
42,29
60,20
12,23
51,60
12,34
46,42
64,0
70,24
43,2
69,38
34,28
2,37
20,52
66,26
60,16
49,6
60,8
56,28
58,40
57,52
64,28
22,19
28,28
54,0
12,3
40,8
20,5
68,30
52,52
18,43
48,42
14,62
53,26
54,30
48,26
36,14
70,62
42,0
18,46
1,70
26,11
38,60
33,70
62,38
16,62
40,49
20,15
18,28
36,4
8,51
3,68
30,58
37,0
8,27
58,9
40,48
56,37
47,18
10,7
18,24
52,47
31,24
31,14
48,49
64,40
2,64
20,64
17,52
15,12
48,32
34,16
58,64
20,0
30,52
49,20
68,56
6,50
50,68
67,34
38,44
44,54
14,31
13,10
56,48
70,64
50,54
68,62
52,8
5,62
45,30
44,44
46,24
44,9
2,45
10,30
6,62
24,33
1,48
25,36
1,58
14,13
24,15
53,38
60,28
70,8
63,52
6,37
52,32
46,66
38,12
67,10
70,55
15,54
0,15
62,16
51,64
31,12
12,12
55,50
35,64
29,70
43,4
22,30
56,44
22,18
69,54
46,14
24,29
2,66
10,52
46,46
66,50
58,1
62,60
16,19
54,62
60,0
29,46
0,24
10,36
42,16
8,3
6,42
33,44
38,1
34,32
7,18
64,57
56,61
50,64
48,4
36,13
36,64
37,28
68,40
14,36
50,0
30,40
52,45
0,35
54,8
66,24
0,51
48,70
70,50
30,66
26,32
60,10
38,54
65,6
64,35
28,23
8,57
68,18
0,58
25,64
16,54
16,66
54,29
70,32
33,42
2,50
70,29
9,36
38,0
60,22
62,63
39,26
5,8
14,52
12,64
7,30
44,64
40,6
15,42
40,11
9,26
16,15
58,70
22,44
26,64
15,50
0,31
33,2
70,61
48,15
53,6
1,0
66,38
20,33
37,2
54,37
24,44
16,14
4,0
68,38
70,23
21,42
50,55
70,5
48,48
18,35
65,70
11,12
37,66
38,30
13,70
48,64
0,43
44,26
48,5
69,20
60,25
64,36
40,20
40,14
2,56
17,50
60,2
66,25
66,66
42,35
58,52
25,24
34,8
54,20
58,43
30,41
44,59
67,0
18,13
12,16
54,49
38,61
20,21
66,21
2,5
52,62
60,38
0,14
22,46
8,39
12,54
24,3
62,48
40,56
14,56
26,52
35,16
43,6
8,24
54,15
54,27
16,56
61,62
9,54
59,4
54,6
68,16
48,57
26,59
12,0
6,14
10,35
14,70
3,26
26,62
42,68
48,50
64,33
8,16
6,1
62,35
2,9
63,18
55,40
69,44
10,32
24,26
55,42
26,38
55,2
26,53
0,34
24,50
34,60
4,3
52,60
40,38
28,54
2,18
60,12
64,7
70,54
12,27
62,10
18,64
20,43
10,68
68,66
50,30
0,56
40,2
50,14
24,66
10,67
27,32
45,6
18,12
18,14
35,0
38,38
18,52
60,40
12,47
7,24
54,26
16,8
46,68
36,43
12,70
16,69
50,61
16,16
30,28
55,4
68,31
52,14
0,27
2,55
55,70
52,1
48,34
30,56
63,46
30,38
12,65
13,56
62,22
21,64
36,25
12,51
49,66
68,58
24,36
45,58
33,4
32,14
36,34
44,30
6,28
62,25
28,62
8,69
14,32
67,18
22,20
58,0
62,32
62,4
14,4
46,67
59,50
15,22
4,23
35,50
20,6
36,48
35,18
70,56
68,65
37,48
16,37
7,44
62,68
68,52
15,8
8,34
32,56
26,12
64,52
12,52
57,66
14,42
0,39
54,14
2,60
42,4
18,42
66,28
39,40
6,52
64,27
54,36
24,63
8,4
51,8
0,6
48,24
42,19
60,30
32,10
44,65
6,3
70,3
20,30
10,40
14,20
0,41
39,52
36,44
70,65
36,56
48,38
52,10
32,15
70,69
56,18
54,70
44,55
2,16
34,46
36,0
54,53
68,3
8,40
27,48
40,1
56,46
7,48
4,56
52,26
13,14
19,60
27,10
30,21
38,34
2,21
64,46
70,51
62,36
51,24
8,20
24,62
11,32
69,40
42,32
28,12
60,9
2,28
40,62
16,6
70,42
6,40
12,44
4,53
65,44
4,68
62,5
46,49
47,68
23,34
51,52
53,42
34,38
44,46
48,41
46,16
17,46
41,60
14,60
64,1
16,10
3,46
17,70
22,3
69,28
24,38
2,68
44,51
16,46
10,56
54,38
50,2
26,7
7,70
32,50
14,58
14,54
13,44
44,22
60,64
34,56
49,52
18,17
26,68
26,49
60,17
12,14
56,16
46,4
54,61
32,7
6,22
40,35
34,65
36,7
42,53
4,48
42,23
62,50
10,0
10,45
8,62
65,68
0,36
42,62
61,0
45,8
48,30
40,68
27,28
8,35
17,10
44,58
8,30
46,64
44,14
63,42
48,59
50,46
61,16
30,64
28,20
42,9
46,18
6,19
16,42
39,58
66,46
59,58
49,28
0,46
4,55
64,41
34,0
66,54
40,54
44,29
26,48
60,24
14,18
66,60
16,43
39,62
36,17
61,58
12,2
40,59
23,24
26,10
2,12
48,16
46,61
32,18
8,5
14,47
42,18
55,64
36,41
11,0
0,49
54,2
40,66
10,60
10,41
36,32
5,40
9,44
32,52
55,68
16,68
44,61
66,18
52,63
24,58
48,60
22,39
40,58
44,38
18,61
4,58
34,26
66,42
28,48
6,53
19,70
25,6
4,6
70,59
2,44
32,45
32,2
62,64
48,14
40,55
69,34
12,53
10,19
6,4
70,30
65,8
0,63
8,47
12,22
22,4
22,55
6,8
29,14
20,12
31,68
53,12
64,44
66,20
22,6
59,40
12,4
8,32
56,55
14,14

