718
644
335
236
941
723
454
800
957
590
131
743
615
776
736
309
725
374
818
425
257
642
259
460
559
205
506
144
836
258
831
207
94
470
666
963
402
274
623
317
505
664
851
696
724
510
545
804
586
881
347
361
543
650
457
105
229
715
692
382
461
238
802
735
945
794
809
429
627
587
873
134
386
468
618
900
119
151
453
581
686
568
721
82
746
458
310
923
101
68
224
948
575
448
578
843
653
614
730
127
864
220
112
246
662
331
118
803
306
914
170
221
396
405
594
825
346
886
738
601
935
572
595
676
626
789
773
872
763
573
187
291
667
156
890
225
364
672
132
516
478
466
353
645
824
305
359
922
418
263
844
73
262
216
150
415
285
416
531
284
126
433
100
424
649
522
570
731
167
954
950
226
855
513
520
326
919
732
530
916
915
515
815
956
677
390
356
835
879
298
161
648
532
799
464
417
103
550
734
553
567
537
202
113
924
146
533
939
566
387
340
910
321
707
902
661
768
435
234
141
261
943
901
708
689
250
555
142
327
709
427
130
795
190
409
370
810
829
476
830
551
647
717
117
706
798
588
152
98
299
348
959
222
750
143
613
155
521
199
472
168
204
766
669
946
931
399
860
845
635
808
434
599
548
99
413
389
875
266
869
700
203
354
407
324
275
223
197
393
281
680
928
655
96
296
174
315
857
592
120
352
913
621
485
345
135
430
334
832
93
904
456
148
544
332
149
392
625
247
926
574
249
194
552
671
365
607
741
767
652
176
817
287
960
609
918
820
185
311
517
770
482
651
465
558
779
80
695
840
811
714
870
634
496
711
268
828
357
363
206
497
852
882
739
379
191
484
565
414
807
412
597
164
494
71
283
509
477
758
562
437
214
589
759
554
395
785
328
891
787
314
307
670
292
658
228
560
547
791
571
360
349
668
710
534
801
583
582
561
863
713
535
106
219
173
162
368
564
419
267
897
740
705
145
273
178
325
91
921
294
116
69
471
942
797
593
748
859
780
563
422
660
663
631
447
442
819
827
523
912
699
474
965
366
371
757
539
316
654
949
95
295
260
813
638
834
244
423
154
85
270
893
252
749
282
542
138
909
277
487
716
438
495
769
907
853
637
323
764
351
549
243
265
211
398
158
899
683
603
927
235
312
245
488
639
83
628
114
480
125
598
540
411
212
443
679
210
611
657
753
343
856
839
701
841
584
133
536
636
675
400
557
288
529
88
502
617
908
90
816
76
726
742
937
579
107
608
850
778
684
451
906
842
814
837
624
297
889
139
213
646
300
159
196
342
233
171
754
605
121
129
473
367
681
254
440
111
428
498
775
761
633
733
755
491
499
620
877
805
408
160
518
953
313
784
375
964
380
643
693
462
140
659
727
237
790
896
193
195
391
373
78
183
232
200
104
218
452
826
751
665
600
704
179
378
691
756
793
410
420
441
445
777
431
940
97
934
512
362
293
329
401
697
493
217
752
102
656
905
806
541
821
911
888
685
388
867
698
812
917
166
782
403
290
527
606
577
596
240
862
546
951
182
580
747
576
337
507
289
450
883
184
719
89
702
944
333
77
79
610
947
369
838
641
444
201
383
690
165
500
436
508
687
501
208
936
215
585
876
492
124
848
504
92
772
833
463
771
180
376
903
591
961
737
385
341
602
278
938
209
301
123
629
264
894
172
880
728
242
177
350
619
622
729
86
874
439
786
514
604
256
962
930
762
320
87
878
308
186
858
163
358
861
781
796
503
397
153
459
885
322
569
929
526
330
486
230
381
490
630
688
640
528
231
792
955
745
81
469
678
336
525
898
884
109
847
895
227
720
479
189
188
406
887
475
115
849
519
253
432
384
774
276
318
788
344
846
279
248
866
952
822
925
426
286
538
169
255
421
892
703
302
338
722
108
920
446
241
198
181
783
481
192
712
271
556
272
674
157
110
304
280
128
319
765
673
958
394
175
70
455
744
404
147
339
616
355
760
137
483
489
84
377
72
612
871
75
933
865
868
251
74
239
932
122
372
136
467
823
682
694
449
511
854
632
303
269
357